0.317
0.337
0.320
0.339
0.395
0.317
0.377
0.315
0.329
0.401
0.410
0.347
0.364
0.323
0.434
0.410
0.353
0.327
0.433
0.341
0.441
0.377
0.386
0.431
0.471
0.415
0.356
0.361
0.366
0.324
0.337
0.339
0.348
0.330
0.383
0.353
0.368
0.357
0.435
0.325
0.339
0.392
0.428
0.461
0.442
0.556
0.372
0.532
0.414
0.419
0.341
0.402
0.382
0.436
0.497
0.336
0.342
0.343
0.356
0.344
0.341
0.392
0.326
0.443
0.507
0.500
0.452
0.347
0.343
0.391
0.407
0.466
0.421
0.443
0.452
0.406
0.333
0.397
0.350
0.322
0.351
0.387
0.324
0.461
0.400
0.461
0.349
0.416
0.365
0.393
0.374
0.348
0.376
0.434
0.375
0.403
0.358
0.422
0.390
0.421
0.353
0.337
0.382
0.361
0.389
0.345
0.393
0.328
0.399
0.354
0.416
0.464
0.450
0.358
0.378
0.425
0.358
0.372
0.383
0.376
0.448
0.356
0.435
0.413
0.361
0.376
0.398
0.410
0.430
0.429
0.371
0.407
0.351
0.466
0.460
0.357
0.367
0.350
0.334
0.373
0.494
0.405
0.400
0.381
0.363
0.356
0.352
0.366
0.378
0.357
0.363
0.370
0.424
0.362
0.408
0.348
0.369
0.434
0.469
0.377
0.346
0.365
0.373
0.363
0.365
0.524
0.376
0.420
0.497
0.476
0.359
0.453
0.448
0.383
0.395
0.347
0.431
0.398
0.350
0.326
0.370
0.415
0.430
0.352
0.515
0.341
0.364
0.396
0.431
0.361
0.350
0.363
0.391
0.395
0.447
0.442
0.367
0.376
0.365
0.431
0.342
0.382
0.401
0.469
0.394
0.342
0.386
0.348
0.336
0.476
0.343
0.422
0.334
0.378
0.335
0.386
0.367
0.381
0.371
0.384
0.412
0.435
0.449
0.406
0.387
0.386
0.419
0.335
0.344
0.409
0.352
0.435
0.421
0.366
0.320
0.338
0.425
0.361
0.368
0.366
0.387
0.420
0.384
0.359
0.390
0.437
0.414
0.460
0.482
0.382
0.434
0.438
0.403
0.377
0.394
0.427
0.400
0.361
0.345
0.381
0.404
0.335
0.388
0.451
0.431
0.354
0.415
0.397
0.529
0.390
0.556
0.372
0.419
0.350
0.428
0.343
0.344
0.410
0.329
0.406
0.378
0.345
0.428
0.325
0.355
0.374
0.358
0.420
0.384
0.383
0.405
0.384
0.399
0.347
0.357
0.420
0.437
0.446
0.441
0.396
0.330
0.353
0.345
0.410
0.527
0.404
0.436
0.367
0.360
0.337
0.406
0.425
0.520
0.393
0.374
0.385
0.452
0.394
0.379
0.463
0.425
0.353
0.392
0.407
0.376
0.366
0.320
0.324
0.382
0.342
0.398
0.359
0.411
0.438
0.362
0.441
0.327
0.412
0.348
0.359
0.337
0.360
0.377
0.455
0.438
0.401
0.386
0.437
0.411
0.339
0.335
0.454
0.398
0.324
0.344
0.337
0.384
0.324
0.342
0.412
0.525
0.459
0.373
0.380
0.346
0.365
0.459
0.460
0.368
0.373
0.479
0.395
0.368
0.454
0.385
0.355
0.349
0.382
0.349
0.441
0.458
0.383
0.401
0.455
0.442
0.422
0.368
0.384
0.461
0.457
0.375
0.356
0.364
0.362
0.360
0.382
0.395
0.457
0.452
0.416
0.426
0.350
0.376
0.354
0.347
0.325
0.405
0.362
0.453
0.446
0.387
0.438
0.439
0.433
0.367
0.412
0.456
0.374
0.351
0.459
0.430
0.434
0.379
0.353
0.366
0.376
0.339
0.387
0.375
0.431
0.353
0.381
0.419
0.330
0.345
0.358
0.371
0.344
0.423
0.346
0.385
0.379
0.401
0.389
0.361
0.370
0.440
0.372
0.397
0.384
0.343
0.431
0.425
0.429
0.410
0.369
0.351
0.371
0.351
0.447
0.426
0.388
0.344
0.372
0.382
0.463
0.427
0.456
0.426
0.362
0.402
0.377
0.385
0.375
0.392
0.373
0.403
0.353
0.327
0.428
0.400
0.367
0.333
0.332
0.349
0.403
0.411
0.336
0.429
0.420
0.427
0.452
0.355
0.480
0.481
0.362
0.472
0.367
0.472
0.411
0.373
0.347
0.406
0.417
0.393
0.405
0.358
0.377
0.333
0.376
0.427
0.403
0.363
0.381
0.344
0.371
0.394
0.413
0.421
0.386
0.378
0.387
0.421
0.371
0.446
0.393
0.334
0.372
0.465
0.340
0.345
0.335
0.381
0.421
0.454
0.363
0.390
0.410
0.455
0.455
0.462
0.425
0.467
0.359
0.441
0.401
0.359
0.433
0.367
0.458
0.422
0.375
0.335
0.390
0.436
0.336
0.363
0.389
0.424
0.427
0.371
0.438
0.406
0.375
0.397
0.372
0.405
0.403
0.366
0.386
0.400
0.379
0.408
0.397
0.420
0.432
0.337
0.357
0.379
0.330
0.396
0.349
0.360
0.361
0.390
0.391
0.445
0.418
0.425
0.362
0.363
0.375
0.407
0.416
0.357
0.459
0.479
0.407
0.390
0.449
0.365
0.327
0.358
0.332
0.392
0.338
0.364
0.457
0.412
0.353
0.359
0.450
0.342
0.365
0.431
0.394
0.354
0.410
0.378
0.399
0.366
0.391
0.419
0.487
0.441
0.419
0.357
0.356
0.408
0.461
0.386
0.458
0.392
0.424
0.354
0.365
0.355
0.374
0.424
0.355
0.458
0.353
0.388
0.352
0.485
0.366
0.446
0.346
0.412
0.390
0.360
0.357
0.340
0.338
0.381
0.325
0.348
0.374
0.413
0.414
0.365
0.355
0.338
0.362
0.358
0.393
0.416
0.437
0.392
0.421
0.393
0.376
0.383
0.527
0.382
0.376
0.374
0.363
0.414
0.438
0.367
0.379
0.351
0.352
0.452
0.370
0.343
0.369
0.414
0.431
0.366
0.408
0.362
0.365
0.366
0.393
0.380
0.450
0.384
0.393
0.343
0.343
0.345
0.382
0.443
0.341
0.348
0.434
0.397
0.461
0.461
0.428
0.364
0.434
0.364
0.384
0.386
0.375
0.359
0.384
0.377
0.376
0.400
0.445
0.429
0.361
0.355
0.435
0.346
0.456
0.351
0.435
0.334
0.435
0.428
0.345
0.365
0.438
0.436
0.354
0.423
0.429
0.371
0.360
0.362
0.379
0.360
0.383
0.408
0.380
0.343
0.366
0.419
0.364
0.354
0.405
0.447
0.434
0.425
0.374
0.376
0.458
0.372
0.368
0.441
0.402
0.455
0.462
0.443
0.419
0.375
0.432
0.421
0.423
0.469
0.436
0.380
0.364
0.389
0.405
0.388
0.349
0.463
0.353
0.367
0.452
0.477
0.338
0.447
0.375
0.390
0.342
0.371
0.360
0.426
0.397
0.432
0.406
0.456
0.343
0.451
0.412
0.408
0.386
0.370
0.350
0.352
0.336
0.360
0.358
0.406
0.375
0.469
0.398
0.356
0.367
0.468
0.380
0.365
0.376
0.459
0.449
0.381
0.465
0.432
0.354
0.398
0.358
0.356
0.404
0.361
0.378
0.330
0.376
0.396
0.395
0.379
0.403
0.383
0.369
0.409
0.346
0.508
0.401
0.425
0.388
0.447
0.519
0.436
0.447
0.344
0.344
0.363
0.350
0.350
0.343
0.354
0.413
0.364
0.362
0.370
0.366
0.366
0.426
0.374
0.354
0.406
0.442
0.396
0.383
0.417
0.429
0.436
0.389
0.361
0.401
0.405
0.364
0.454
0.330
0.361
0.345
0.397
0.391
0.348
0.385
0.378
0.453
0.371
0.438
0.414
0.359
0.355
0.401
0.459
0.396
0.411
0.384
0.418
0.420
0.402
0.413
0.387
0.378
0.453
0.425
0.385
0.368
0.405
0.401
0.424
0.463
0.390
0.351
0.387
0.516
0.419
0.405
0.375
0.401
0.403
0.414
0.452
0.371
0.357
0.445
0.440
0.432
0.378
0.402
0.515
0.345
0.353
0.361
0.441
0.354
0.333
0.437
0.449
0.383
0.414
0.446
0.414
0.440
0.413
0.420
0.444
0.381
0.417
0.367
0.391
0.346
0.365
0.371
0.377
0.338
0.380
0.382
0.377
0.450
0.384
0.420
0.356
0.358
0.461
0.484
0.448
0.389
0.450
0.415
0.417
0.463
0.364
0.433
0.391
0.367
0.330
0.439
0.392
0.334
0.338
0.320
0.400
0.381
0.329
0.423
0.346
0.329
0.332
0.361
0.306
0.305
0.307
0.302
0.351
0.396
0.300
0.344
0.283
0.283
