0.186
0.152
0.152
0.125
0.131
0.142
0.152
0.161
0.169
0.172
0.153
0.189
0.168
0.174
0.144
0.153
0.142
0.180
0.190
0.174
0.161
0.182
0.155
0.161
0.167
0.153
0.134
0.153
0.128
0.139
0.132
0.149
0.135
0.165
0.167
0.153
0.143
0.153
0.140
0.166
0.178
0.168
0.168
0.158
0.153
0.158
0.147
0.158
0.148
0.152
0.129
0.156
0.160
0.184
0.130
0.151
0.171
0.156
0.153
0.145
0.147
0.186
0.170
0.140
0.148
0.172
0.159
0.189
0.148
0.142
0.166
0.153
0.174
0.162
0.155
0.173
0.161
0.149
0.144
0.152
0.150
0.181
0.135
0.167
0.192
0.152
0.171
0.181
0.162
0.159
0.171
0.189
0.179
0.144
0.185
0.170
0.192
0.143
0.156
0.167
0.134
0.167
0.160
0.152
0.146
0.162
0.153
0.148
0.191
0.175
0.136
0.173
0.164
0.158
0.143
0.169
0.151
0.165
0.170
0.176
0.169
0.154
0.171
0.190
0.164
0.152
0.166
0.179
0.146
0.157
0.164
0.127
0.128
0.170
0.132
0.174
0.144
0.186
0.142
0.147
0.154
0.155
0.167
0.186
0.165
0.173
0.139
0.168
0.159
0.186
0.153
0.167
0.160
0.136
0.159
0.137
0.166
0.158
0.176
0.160
0.134
0.141
0.156
0.168
0.146
0.134
0.134
0.136
0.173
0.189
0.173
0.179
0.153
0.151
0.153
0.171
0.189
0.156
0.128
0.136
0.126
0.190
0.158
0.168
0.137
0.166
0.164
0.163
0.135
0.133
0.171
0.152
0.141
0.155
0.176
0.178
0.155
0.166
0.187
0.185
0.208
0.196
0.211
0.186
0.202
0.191
0.196
0.210
0.196
0.198
0.189
0.158
0.162
0.203
0.173
0.170
0.156
0.155
0.178
0.162
0.139
0.153
0.154
0.169
0.173
0.158
0.151
0.133
0.141
0.139
0.154
0.152
0.158
0.158
0.153
0.160
0.148
0.176
0.139
0.179
0.165
0.175
0.193
0.163
0.168
0.170
0.147
0.185
0.192
0.166
0.187
0.135
0.159
0.173
0.158
0.157
0.161
0.137
0.139
0.180
0.176
0.177
0.146
0.163
0.174
0.180
0.164
0.175
0.196
0.184
0.178
0.189
0.208
0.185
0.146
0.166
0.138
0.169
0.156
0.173
0.209
0.142
0.155
0.157
0.136
0.173
0.147
0.190
0.133
0.151
0.181
0.137
0.146
0.164
0.154
0.158
0.162
0.170
0.198
0.135
0.155
0.136
0.177
0.176
0.136
0.181
0.165
0.163
0.188
0.182
0.141
0.138
0.137
0.147
0.142
0.150
0.178
0.168
0.164
0.187
0.175
0.174
0.164
0.168
0.131
0.152
0.133
0.131
0.135
0.154
0.130
0.177
0.194
0.161
0.170
0.173
0.189
0.150
0.149
0.151
0.168
0.150
0.156
0.204
0.200
0.168
0.152
0.145
0.186
0.183
0.157
0.132
0.159
0.141
0.142
0.144
0.137
0.187
0.146
0.141
0.160
0.161
0.151
0.171
0.157
0.209
0.187
0.160
0.165
0.147
0.140
0.147
0.159
0.134
0.167
0.169
0.149
0.169
0.134
0.160
0.162
0.156
0.177
0.167
0.133
0.139
0.142
0.170
0.190
0.178
0.139
0.163
0.169
0.152
0.154
0.160
0.189
0.183
0.181
0.139
0.161
0.184
0.165
0.159
0.133
0.143
0.166
0.141
0.185
0.163
0.160
0.186
0.139
0.164
0.161
0.161
0.150
0.170
0.171
0.133
0.166
0.139
0.157
0.152
0.188
0.156
0.187
0.134
0.152
0.145
0.160
0.138
0.207
0.136
0.158
0.187
0.157
0.163
0.140
0.185
0.160
0.152
0.167
0.156
0.192
0.158
0.166
0.183
0.172
0.166
0.169
0.153
0.142
0.152
0.188
0.157
0.156
0.179
0.135
0.157
0.176
0.178
0.206
0.188
0.152
0.169
0.158
0.174
0.142
0.141
0.153
0.164
0.168
0.138
0.166
0.152
0.133
0.151
0.138
0.154
0.177
0.142
0.165
0.184
0.168
0.155
0.196
0.132
0.146
0.163
0.190
0.170
0.161
0.188
0.189
0.155
0.156
0.167
0.150
0.172
0.160
0.155
0.143
0.144
0.165
0.207
0.172
0.158
0.139
0.170
0.199
0.149
0.178
0.171
0.197
0.181
0.195
0.193
0.214
0.180
0.209
0.214
0.223
0.185
0.196
0.136
0.142
0.138
0.167
0.136
0.156
0.153
0.158
0.183
0.140
0.149
0.187
0.144
0.180
0.161
0.148
0.155
0.184
0.158
0.142
0.169
0.139
0.163
0.190
0.189
0.142
0.160
0.140
0.180
0.147
0.190
0.139
0.154
0.166
0.180
0.134
0.153
0.163
0.145
0.166
0.144
0.173
0.148
0.155
0.151
0.211
0.169
0.160
0.169
0.184
0.176
0.148
0.147
0.136
0.144
0.147
0.157
0.163
0.158
0.187
0.157
0.133
0.158
0.132
0.187
0.144
0.152
0.144
0.141
0.187
0.143
0.147
0.136
0.155
0.148
0.135
0.173
0.166
0.138
0.133
0.159
0.182
0.157
0.171
0.156
0.165
0.189
0.146
0.154
0.133
0.185
0.148
0.132
0.139
0.139
0.168
0.163
0.142
0.179
0.160
0.152
0.139
0.176
0.153
0.187
0.149
0.147
0.163
0.158
0.170
0.167
0.172
0.149
0.176
0.139
0.167
0.159
0.183
0.161
0.195
0.199
0.192
0.171
0.145
0.145
0.137
0.135
0.153
0.148
0.164
0.137
0.184
0.189
0.190
0.161
0.170
0.161
0.152
0.159
0.165
0.198
0.134
0.145
0.153
0.163
0.157
0.158
0.160
0.177
0.188
0.139
0.144
0.147
0.167
0.155
0.158
0.184
0.168
0.205
0.163
0.157
0.160
0.157
0.153
0.135
0.158
0.162
0.130
0.154
0.199
0.166
0.184
0.164
0.208
0.156
0.165
0.170
0.162
0.176
0.156
0.183
0.180
0.138
0.148
0.172
0.172
0.167
0.147
0.178
0.160
0.182
0.168
0.131
0.137
0.171
0.150
0.188
0.159
0.142
0.153
0.143
0.161
0.160
0.139
0.175
0.150
0.174
0.135
0.150
0.189
0.139
0.160
0.189
0.139
0.163
0.179
0.172
0.158
0.159
0.147
0.179
0.179
0.185
0.182
0.180
0.154
0.139
0.165
0.167
0.143
0.152
0.144
0.149
0.187
0.209
0.157
0.180
0.133
0.147
0.203
0.160
0.138
0.192
0.162
0.158
0.178
0.176
0.206
0.168
0.170
0.202
0.154
0.153
0.134
0.149
0.146
0.160
0.167
0.142
0.156
0.134
0.139
0.179
0.146
0.159
0.142
0.133
0.137
0.161
0.200
0.160
0.165
0.134
0.160
0.160
0.141
0.172
0.137
0.192
0.178
0.153
0.133
0.189
0.159
0.153
0.182
0.183
0.155
0.148
0.160
0.145
0.146
0.184
0.190
0.158
0.140
0.179
0.146
0.190
0.156
0.178
0.169
0.179
0.177
0.176
0.138
0.134
0.176
0.179
0.168
0.146
0.156
0.147
0.176
0.156
0.172
0.176
0.158
0.163
0.146
0.160
0.188
0.152
0.154
0.138
0.141
0.159
0.137
0.181
0.154
0.160
0.148
0.191
0.178
0.186
0.163
0.142
0.135
0.181
0.142
0.159
0.135
0.143
0.141
0.188
0.135
0.158
0.181
0.162
0.167
0.153
0.134
0.135
0.135
0.145
0.140
0.184
0.139
0.138
0.140
0.146
0.153
0.141
0.184
0.167
0.164
0.158
0.148
0.143
0.155
0.165
0.188
0.187
0.154
0.144
0.145
0.149
0.142
0.139
0.158
0.164
0.159
0.165
0.156
0.173
0.173
0.165
0.158
0.161
0.165
0.136
0.162
0.158
0.164
0.186
0.168
0.157
0.183
0.175
0.158
0.174
0.170
0.172
0.157
0.143
0.140
0.189
0.137
0.129
0.158
0.138
0.164
0.136
0.155
0.143
0.179
0.150
0.173
0.188
0.157
0.157
0.133
0.187
0.175
0.156
0.157
0.184
0.163
0.176
0.153
0.180
0.191
0.137
0.154
0.152
0.232
0.141
0.152
0.188
0.142
0.137
0.192
0.158
0.173
0.170
0.145
0.163
0.160
0.178
0.163
0.141
0.152
0.152
0.133
0.189
0.143
0.135
0.127
0.131
0.166
0.165
0.127
0.137
0.144
0.133
0.139
0.133
0.126
0.126
0.123
0.144
0.139
0.139
0.140
0.123
