0.198
0.200
0.188
0.191
0.193
0.191
0.186
0.204
0.197
0.187
0.239
0.194
0.209
0.206
0.206
0.188
0.197
0.194
0.191
0.160
0.204
0.194
0.159
0.159
0.206
0.210
0.158
0.222
0.193
0.207
0.207
0.203
0.203
0.210
0.186
0.202
0.187
0.191
0.187
0.209
0.192
0.211
0.209
0.191
0.194
0.193
0.188
0.199
0.189
0.186
0.197
0.160
0.203
0.221
0.160
0.190
0.261
0.193
0.191
0.191
0.191
0.194
0.189
0.204
0.194
0.193
0.199
0.189
0.186
0.192
0.215
0.159
0.207
0.207
0.208
0.185
0.211
0.205
0.206
0.210
0.207
0.158
0.203
0.191
0.217
0.189
0.160
0.222
0.201
0.158
0.190
0.158
0.185
0.199
0.192
0.159
0.187
0.199
0.209
0.217
0.193
0.190
0.197
0.203
0.184
0.187
0.210
0.187
0.185
0.194
0.186
0.195
0.195
0.204
0.198
0.192
0.201
0.192
0.218
0.211
0.212
0.158
0.185
0.191
0.158
0.186
0.199
0.159
0.189
0.206
0.192
0.195
0.189
0.243
0.190
0.186
0.188
0.189
0.214
0.189
0.192
0.198
0.194
0.188
0.192
0.190
0.188
0.159
0.188
0.222
0.217
0.190
0.194
0.191
0.188
0.189
0.188
0.196
0.186
0.191
0.193
0.192
0.196
0.194
0.228
0.188
0.192
0.186
0.190
0.185
0.197
0.208
0.192
0.213
0.189
0.189
0.195
0.159
0.189
0.205
0.204
0.202
0.191
0.209
0.194
0.194
0.189
0.195
0.202
0.187
0.210
0.187
0.186
0.184
0.197
0.204
0.188
0.193
0.193
0.190
0.189
0.198
0.192
0.190
0.192
0.194
0.192
0.205
0.192
0.193
0.224
0.189
0.159
0.194
0.186
0.186
0.157
0.158
0.191
0.189
0.191
0.194
0.190
0.190
0.199
0.184
0.195
0.186
0.188
0.196
0.188
0.201
0.186
0.194
0.192
0.190
0.188
0.195
0.159
0.186
0.196
0.190
0.157
0.200
0.199
0.195
0.187
0.188
0.191
0.189
0.192
0.187
0.192
0.183
0.158
0.192
0.192
0.203
0.188
0.194
0.209
0.189
0.202
0.194
0.196
0.194
0.196
0.184
0.197
0.200
0.195
0.187
0.215
0.193
0.210
0.186
0.193
0.191
0.184
0.194
0.191
0.204
0.188
0.188
0.157
0.187
0.192
0.192
0.186
0.189
0.194
0.188
0.193
0.159
0.186
0.193
0.187
0.188
0.193
0.193
0.191
0.193
0.191
0.190
0.192
0.186
0.193
0.188
0.194
0.194
0.192
0.192
0.158
0.208
0.195
0.158
0.194
0.191
0.190
0.159
0.193
0.186
0.187
0.186
0.189
0.194
0.190
0.191
0.189
0.201
0.159
0.158
0.185
0.188
0.217
0.211
0.194
0.191
0.191
0.203
0.220
0.158
0.193
0.192
0.188
0.189
0.185
0.213
0.186
0.192
0.192
0.187
0.159
0.189
0.188
0.191
0.158
0.205
0.201
0.159
0.200
0.189
0.184
0.158
0.186
0.192
0.189
0.209
0.183
0.157
0.158
0.194
0.190
0.193
0.206
0.189
0.182
0.195
0.195
0.185
0.196
0.191
0.205
0.187
0.190
0.186
0.191
0.157
0.188
0.190
0.189
0.196
0.219
0.189
0.188
0.191
0.190
0.194
0.191
0.196
0.193
0.191
0.196
0.187
0.205
0.199
0.191
0.225
0.197
0.191
0.185
0.201
0.196
0.186
0.184
0.193
0.187
0.204
0.187
0.185
0.193
0.211
0.189
0.185
0.186
0.193
0.187
0.191
0.184
0.195
0.194
0.185
0.185
0.192
0.193
0.186
0.184
0.157
0.188
0.190
0.204
0.190
0.194
0.183
0.188
0.192
0.187
0.184
0.188
0.192
0.190
0.202
0.226
0.191
0.158
0.189
0.197
0.193
0.189
0.184
0.192
0.213
0.197
0.211
0.160
0.189
0.201
0.189
0.205
0.186
0.187
0.187
0.188
0.189
0.158
0.195
0.189
0.183
0.207
0.216
0.195
0.194
0.197
0.187
0.156
0.189
0.194
0.195
0.199
0.201
0.188
0.189
0.191
0.226
0.190
0.207
0.185
0.196
0.191
0.189
0.194
0.159
0.198
0.191
0.158
0.191
0.189
0.218
0.194
0.158
0.241
0.191
0.158
0.194
0.195
0.192
0.192
0.183
0.157
0.189
0.193
0.157
0.158
0.158
0.158
0.188
0.189
0.192
0.194
0.160
0.160
0.203
0.210
0.192
0.190
0.186
0.187
0.188
0.189
0.192
0.202
0.188
0.191
0.185
0.185
0.193
0.197
0.159
0.188
0.190
0.186
0.196
0.194
0.160
0.184
0.189
0.191
0.190
0.194
0.187
0.185
0.203
0.184
0.191
0.187
0.186
0.158
0.192
0.195
0.189
0.188
0.209
0.213
0.157
0.189
0.157
0.186
0.196
0.193
0.191
0.196
0.187
0.187
0.192
0.190
0.197
0.192
0.191
0.194
0.193
0.157
0.186
0.193
0.187
0.158
0.189
0.196
0.191
0.183
0.187
0.186
0.188
0.160
0.191
0.190
0.189
0.194
0.193
0.188
0.200
0.189
0.192
0.190
0.159
0.192
0.195
0.157
0.209
0.193
0.191
0.206
0.190
0.203
0.189
0.190
0.158
0.204
0.194
0.187
0.201
0.190
0.191
0.185
0.210
0.186
0.157
0.188
0.190
0.189
0.189
0.190
0.192
0.187
0.194
0.189
0.158
0.189
0.198
0.193
0.206
0.190
0.187
0.160
0.190
0.185
0.184
0.188
0.192
0.193
0.185
0.190
0.188
0.198
0.184
0.195
0.193
0.189
0.182
0.203
0.192
0.193
0.212
0.192
0.187
0.216
0.185
0.158
0.159
0.188
0.192
0.193
0.203
0.194
0.185
0.190
0.207
0.157
0.187
0.192
0.157
0.157
0.189
0.188
0.186
0.205
0.186
0.188
0.204
0.159
0.192
0.189
0.191
0.190
0.188
0.192
0.188
0.213
0.189
0.195
0.213
0.193
0.190
0.186
0.186
0.210
0.189
0.193
0.186
0.210
0.191
0.188
0.209
0.189
0.192
0.183
0.192
0.192
0.180
0.159
0.192
0.193
0.189
0.195
0.191
0.205
0.193
0.196
0.191
0.158
0.184
0.186
0.196
0.157
0.203
0.187
0.191
0.190
0.196
0.159
0.192
0.186
0.189
0.191
0.189
0.195
0.188
0.185
0.192
0.200
0.193
0.192
0.191
0.187
0.191
0.190
0.193
0.192
0.188
0.192
0.191
0.187
0.188
0.190
0.194
0.188
0.185
0.187
0.189
0.193
0.192
0.207
0.187
0.194
0.187
0.194
0.185
0.187
0.185
0.184
0.190
0.186
0.191
0.201
0.185
0.188
0.187
0.205
0.190
0.194
0.189
0.185
0.183
0.185
0.207
0.158
0.184
0.205
0.189
0.191
0.193
0.194
0.214
0.186
0.186
0.191
0.218
0.158
0.190
0.190
0.185
0.191
0.186
0.190
0.194
0.193
0.189
0.159
0.194
0.191
0.197
0.188
0.211
0.184
0.198
0.188
0.203
0.193
0.195
0.190
0.212
0.160
0.192
0.188
0.196
0.191
0.197
0.159
0.189
0.194
0.192
0.190
0.198
0.187
0.191
0.201
0.189
0.196
0.187
0.201
0.188
0.159
0.188
0.193
0.209
0.158
0.193
0.190
0.194
0.190
0.193
0.188
0.193
0.195
0.203
0.187
0.192
0.190
0.190
0.157
0.186
0.159
0.197
0.201
0.202
0.191
0.188
0.157
0.218
0.186
0.186
0.229
0.184
0.191
0.158
0.193
0.195
0.193
0.159
0.193
0.188
0.189
0.188
0.193
0.198
0.185
0.204
0.195
0.211
0.191
0.223
0.190
0.199
0.191
0.191
0.160
0.189
0.191
0.191
0.193
0.199
0.156
0.184
0.202
0.159
0.158
0.185
0.191
0.194
0.189
0.197
0.189
0.198
0.199
0.195
0.189
0.220
0.188
0.208
0.186
0.157
0.184
0.189
0.200
0.186
0.193
0.188
0.159
0.191
0.158
0.191
0.215
0.188
0.189
0.189
0.191
0.158
0.195
0.207
0.156
0.211
0.190
0.189
0.191
0.184
0.202
0.190
0.185
0.190
0.206
0.190
0.210
0.192
0.200
0.185
0.184
0.157
0.188
0.201
0.190
0.188
0.193
0.187
0.184
0.191
0.191
0.193
0.195
0.185
0.184
0.184
0.195
0.185
0.188
0.196
0.191
0.192
0.194
0.184
0.189
0.187
0.347
0.388
0.352
0.435
0.396
0.343
0.351
0.370
0.511
0.368
0.504
0.361
0.373
0.334
0.488
0.388
0.454
0.331
0.449
0.420
0.390
0.405
0.416
0.407
0.404
0.434
0.379
0.427
0.380
0.393
0.423
0.461
0.357
0.354
0.441
0.346
0.330
0.394
0.406
0.409
0.352
0.422
0.389
0.427
0.352
0.409
0.355
0.443
0.353
0.426
0.365
0.403
0.411
0.378
0.351
0.340
0.382
0.365
0.361
0.372
0.440
0.399
0.427
0.385
0.345
0.380
0.434
0.365
0.441
0.380
0.376
0.368
0.360
0.438
0.464
0.365
0.358
0.374
0.373
0.345
0.418
0.401
0.391
0.392
0.345
0.341
0.354
0.335
0.338
0.342
0.349
0.412
0.304
0.327
0.370
0.307
0.315
0.304
0.322
0.323
0.315
0.296
0.295
0.295
